[gd_scene load_steps=8 format=3 uid="uid://cwmr6lhfr8m0v"]

[ext_resource type="PackedScene" uid="uid://6a3tg0cj6qpv" path="res://Scenes/Weapons/melee_weapon.tscn" id="1_r1glk"]
[ext_resource type="Script" path="res://Scripts/Weapons/Melee/long_sword.gd" id="2_wgy1y"]
[ext_resource type="Texture2D" uid="uid://v2dfxhr3000v" path="res://Assets/TestCharacter/Iicon_32_32.png" id="3_o7k62"]
[ext_resource type="PackedScene" path="res://Scenes/MarviTestObject/rotating_swords.tscn" id="3_sfucm"]
[ext_resource type="Script" path="res://Scripts/Weapons/Melee/player_blade.gd" id="4_m45oj"]

[sub_resource type="CapsuleShape3D" id="CapsuleShape3D_5f3fy"]
radius = 0.145
height = 1.81

[sub_resource type="CapsuleShape3D" id="CapsuleShape3D_kda6i"]
radius = 0.145
height = 1.81

[node name="LongSword" instance=ExtResource("1_r1glk")]

[node name="WeaponActiveSkill" parent="." index="1" node_paths=PackedStringArray("blades_areas")]
script = ExtResource("2_wgy1y")
is_test = true
damage = 1.0
blades_areas = [NodePath("../Rotating Swords/Blades/Node3D/sword1/Area3D"), NodePath("../Rotating Swords/Blades/Node3D/sword2/Area3D2"), NodePath("../Rotating Swords/Blades/Node3D/sword3/Area3D3"), NodePath("../Rotating Swords/Blades/Node3D/sword4/Area3D4")]
blade_reach_multiplier = 1.0
attack_length = 2.0
base_cooldown = 3.0

[node name="Attack Timer" type="Timer" parent="." index="2"]
wait_time = 6.0
one_shot = true

[node name="Cooldown Timer" type="Timer" parent="." index="3"]
one_shot = true

[node name="Rotating Swords" parent="." index="4" instance=ExtResource("3_sfucm")]

[node name="AnimationTree" parent="Rotating Swords/Animation Component" index="0"]
parameters/conditions/rotating = false

[node name="sword1" type="Sprite3D" parent="Rotating Swords/Blades/Node3D" index="0"]
transform = Transform3D(1.41421, -1.41421, -6.18172e-08, 0, -8.74225e-08, 2, -1.41421, -1.41421, -6.18172e-08, 0, 0, 0)
pixel_size = 0.05
texture_filter = 0
texture = ExtResource("3_o7k62")
script = ExtResource("4_m45oj")

[node name="Area3D" type="Area3D" parent="Rotating Swords/Blades/Node3D/sword1" index="0"]
transform = Transform3D(0.707107, 0.707107, 0, -0.707107, 0.707107, 0, 0, 0, 1, 0, 0, 0)
collision_mask = 4
monitoring = false

[node name="CollisionShape3D" type="CollisionShape3D" parent="Rotating Swords/Blades/Node3D/sword1/Area3D" index="0"]
shape = SubResource("CapsuleShape3D_5f3fy")

[node name="sword2" type="Sprite3D" parent="Rotating Swords/Blades/Node3D" index="1"]
transform = Transform3D(-1.41421, 1.41421, 6.18172e-08, 0, -8.74228e-08, 2, 1.41421, 1.41421, 6.18172e-08, 0, 0, 2.874)
pixel_size = 0.05
texture_filter = 0
texture = ExtResource("3_o7k62")

[node name="Area3D2" type="Area3D" parent="Rotating Swords/Blades/Node3D/sword2" index="0"]
transform = Transform3D(0.707107, 0.707107, 0, -0.707107, 0.707107, 0, 0, 0, 1, 0, 0, 0)
collision_mask = 4
monitoring = false
script = ExtResource("4_m45oj")
knockback = true
knockback_strength = 4.0
override_knockback_speed_multiplier = 3.0

[node name="CollisionShape3D" type="CollisionShape3D" parent="Rotating Swords/Blades/Node3D/sword2/Area3D2" index="0"]
shape = SubResource("CapsuleShape3D_kda6i")

[node name="sword3" type="Sprite3D" parent="Rotating Swords/Blades/Node3D" index="2"]
transform = Transform3D(1.41421, 1.41421, 6.18172e-08, 0, -8.74228e-08, 2, 1.41421, -1.41421, -6.18172e-08, 2.874, 0, 0)
pixel_size = 0.05
texture_filter = 0
texture = ExtResource("3_o7k62")

[node name="Area3D3" type="Area3D" parent="Rotating Swords/Blades/Node3D/sword3" index="0"]
transform = Transform3D(0.707107, 0.707107, 0, -0.707107, 0.707107, 0, 0, 0, 1, 0, 0, 0)
collision_mask = 4
monitoring = false
script = ExtResource("4_m45oj")
knockback = true
knockback_strength = 4.0
override_knockback_speed_multiplier = 3.0

[node name="CollisionShape3D" type="CollisionShape3D" parent="Rotating Swords/Blades/Node3D/sword3/Area3D3" index="0"]
shape = SubResource("CapsuleShape3D_kda6i")

[node name="sword4" type="Sprite3D" parent="Rotating Swords/Blades/Node3D" index="3"]
transform = Transform3D(-1.41421, -1.41421, -6.18172e-08, 0, -8.74228e-08, 2, -1.41421, 1.41421, 6.18172e-08, -2.90413, 2.38419e-05, 0.000525951)
pixel_size = 0.05
texture_filter = 0
texture = ExtResource("3_o7k62")

[node name="Area3D4" type="Area3D" parent="Rotating Swords/Blades/Node3D/sword4" index="0"]
transform = Transform3D(0.707107, 0.707107, 0, -0.707107, 0.707107, 0, 0, 0, 1, 0, 0, 0)
collision_mask = 4
monitoring = false
script = ExtResource("4_m45oj")
knockback = true
knockback_strength = 4.0
override_knockback_speed_multiplier = 3.0

[node name="CollisionShape3D" type="CollisionShape3D" parent="Rotating Swords/Blades/Node3D/sword4/Area3D4" index="0"]
shape = SubResource("CapsuleShape3D_kda6i")

[node name="Node3D2" type="Node3D" parent="." index="5"]
transform = Transform3D(1, 0, 0, 0, 1, 0, 0, 0, 1, -0.0186789, 0.652067, 0.0446985)
visible = false

[node name="sword1" type="Sprite3D" parent="Node3D2" index="0"]
transform = Transform3D(0.707107, -0.707107, -3.09086e-08, 0, -4.37114e-08, 1, -0.707107, -0.707107, -3.09086e-08, 0, 0, -1.57381)
pixel_size = 0.05
texture_filter = 0
texture = ExtResource("3_o7k62")

[node name="sword2" type="Sprite3D" parent="Node3D2" index="1"]
transform = Transform3D(-0.707107, 0.707107, -3.09086e-08, -3.82137e-15, 4.37114e-08, 1, 0.707107, 0.707107, -3.09086e-08, 0, 0, 1.574)
pixel_size = 0.05
texture_filter = 0
texture = ExtResource("3_o7k62")

[node name="sword3" type="Sprite3D" parent="Node3D2" index="2"]
transform = Transform3D(0.707107, 0.707107, -3.09086e-08, 4.37114e-08, 1.91069e-15, 1, 0.707107, -0.707107, -3.09086e-08, 1.574, 0, 0)
pixel_size = 0.05
texture_filter = 0
texture = ExtResource("3_o7k62")

[node name="sword4" type="Sprite3D" parent="Node3D2" index="3"]
transform = Transform3D(-0.707107, -0.707107, 3.09086e-08, 3.82137e-15, 4.37114e-08, 1, -0.707107, 0.707107, -3.09086e-08, -1.574, 0, 0)
pixel_size = 0.05
texture_filter = 0
texture = ExtResource("3_o7k62")

[editable path="Rotating Swords"]
